%YAML:1.0
calibration_time: "05/23/14 13:32:57"
nframes: 10
image_width: 640
image_height: 480
board_width: 8
board_height: 5
square_size: 3.0999999493360519e-002
flags: 0
camera_matrix: !!opencv-matrix
   rows: 3
   cols: 3
   dt: d
   data: [ 6.0689260067246971e+002, 0., 3.2246876361856152e+002, 0.,
       6.0900674459556512e+002, 2.0319964169233020e+002, 0., 0., 1. ]
distortion_coefficients: !!opencv-matrix
   rows: 5
   cols: 1
   dt: d
   data: [ -1.4578543354927209e-001, 1.9982386172230255e+000,
       -2.6301125249333330e-002, 1.0695529488178611e-002,
       -6.1724039242569271e+000 ]
avg_reprojection_error: 1.7700001642343283e-001
per_view_reprojection_errors: !!opencv-matrix
   rows: 10
   cols: 1
   dt: f
   data: [ 1.60976157e-001, 1.54187918e-001, 2.06573427e-001,
       1.96849316e-001, 1.92194954e-001, 1.82464823e-001,
       1.67409018e-001, 1.83823958e-001, 1.61187649e-001,
       1.55402035e-001 ]
# a set of 6-tuples (rotation vector + translation vector) for each view
extrinsic_parameters: !!opencv-matrix
   rows: 10
   cols: 6
   dt: d
   data: [ -1.6473984959265667e-001, 5.1028057285536735e-002,
       -1.4693961767935597e+000, -2.6564693598274774e-002,
       1.0454296998401325e-001, 9.1385637684491527e-001,
       -1.1538349303319832e-001, 9.4136249910831485e-002,
       -1.4670844165021344e+000, -1.6018018802883970e-002,
       1.0561448754435743e-001, 9.1779257256273350e-001,
       -1.7758866186313488e-001, 1.9202442796794705e-001,
       -1.4752615479381548e+000, 1.7761053511624471e-002,
       2.3892340451774043e-002, 9.0828203518052986e-001,
       -1.6239362847531622e-001, 2.1171368901116683e-001,
       -1.4854010681310943e+000, 2.4939063934570873e-002,
       2.1356449742133157e-002, 9.0188829340482535e-001,
       -1.5337537702585724e-001, 2.1181188414978555e-001,
       -1.4761500471903399e+000, 2.5966775187013447e-002,
       2.5361708392511742e-002, 9.0128174739918610e-001,
       -1.8176029288814596e-001, 2.2357459246586395e-001,
       -1.4813954803032585e+000, 1.6839491363906237e-002,
       9.5935782309109985e-002, 8.8385061656836883e-001,
       -1.4872783371752338e-001, 2.2451070697039055e-001,
       -1.4630129850816183e+000, 8.9905707742952302e-003,
       1.1710769758351362e-001, 8.9063929245979967e-001,
       -1.4727095044137381e-001, 1.5214395765976413e-001,
       -1.4741645039505189e+000, -1.3851311984074854e-002,
       1.2617085715262905e-001, 8.7982665361484269e-001,
       -9.5830357989391809e-002, 1.2585847844902234e-001,
       -1.4537367299259436e+000, -5.8268048586580926e-002,
       1.3490768141333803e-001, 8.7591103948386861e-001,
       -9.7295286423510735e-002, 1.1900570842939795e-001,
       -1.4601890434414790e+000, -5.5080257972914416e-002,
       1.3475654613936636e-001, 8.7180901784244913e-001 ]
image_points: !!opencv-matrix
   rows: 10
   cols: 40
   dt: "2f"
   data: [ 3.04850952e+002, 2.71963928e+002, 3.07048462e+002,
       2.51924728e+002, 3.09074768e+002, 2.31568130e+002,
       3.11179626e+002, 2.11223541e+002, 3.13386932e+002,
       1.90781891e+002, 3.15317627e+002, 1.70507721e+002,
       3.17471161e+002, 1.50265472e+002, 3.19761719e+002,
       1.30330963e+002, 3.25176544e+002, 2.74245667e+002,
       3.27340179e+002, 2.54025162e+002, 3.29421967e+002,
       2.33594772e+002, 3.31556824e+002, 2.13112244e+002,
       3.33671082e+002, 1.92798859e+002, 3.35523773e+002,
       1.72248322e+002, 3.37809448e+002, 1.51961288e+002,
       3.39858246e+002, 1.31491501e+002, 3.45511658e+002,
       2.76279388e+002, 3.47755127e+002, 2.56119843e+002,
       3.49775269e+002, 2.35606964e+002, 3.51892242e+002,
       2.15288940e+002, 3.54004150e+002, 1.94591705e+002,
       3.55997101e+002, 1.74032120e+002, 3.58117706e+002,
       1.53394440e+002, 3.60221802e+002, 1.32944107e+002,
       3.66084076e+002, 2.78735870e+002, 3.68209351e+002,
       2.58209015e+002, 3.70436676e+002, 2.37872223e+002,
       3.72433533e+002, 2.17115738e+002, 3.74510162e+002,
       1.96528870e+002, 3.76513550e+002, 1.75524933e+002,
       3.78628693e+002, 1.54960205e+002, 3.80695313e+002,
       1.34226654e+002, 3.87015137e+002, 2.81048279e+002,
       3.89120911e+002, 2.60483337e+002, 3.91177185e+002,
       2.39729889e+002, 3.93440521e+002, 2.19199280e+002,
       3.95434174e+002, 1.98274338e+002, 3.97384521e+002,
       1.77636078e+002, 3.99649231e+002, 1.56657974e+002,
       4.01725739e+002, 1.35739471e+002, 3.11868317e+002,
       2.72447693e+002, 3.13966125e+002, 2.52523102e+002,
       3.16000580e+002, 2.32203140e+002, 3.18142395e+002,
       2.11829620e+002, 3.20247620e+002, 1.91331635e+002,
       3.22134949e+002, 1.70749985e+002, 3.24377472e+002,
       1.50197357e+002, 3.26700439e+002, 1.29777222e+002,
       3.32187164e+002, 2.74890991e+002, 3.34264374e+002,
       2.54751190e+002, 3.36317566e+002, 2.34372070e+002,
       3.38547821e+002, 2.13822327e+002, 3.40653839e+002,
       1.93400589e+002, 3.42506958e+002, 1.72569504e+002,
       3.44879639e+002, 1.52130585e+002, 3.47019409e+002,
       1.31323746e+002, 3.52501831e+002, 2.76927094e+002,
       3.54612946e+002, 2.56933777e+002, 3.56645142e+002,
       2.36433273e+002, 3.59002472e+002, 2.16084015e+002,
       3.61131134e+002, 1.95284729e+002, 3.63029266e+002,
       1.74676498e+002, 3.65303467e+002, 1.53768265e+002,
       3.67566406e+002, 1.32978729e+002, 3.73087128e+002,
       2.79594421e+002, 3.75158142e+002, 2.59099426e+002,
       3.77273193e+002, 2.38821991e+002, 3.79463074e+002,
       2.18076859e+002, 3.81758759e+002, 1.97537827e+002,
       3.83742645e+002, 1.76452621e+002, 3.86000641e+002,
       1.55532440e+002, 3.88260681e+002, 1.34428818e+002,
       3.93770752e+002, 2.81890961e+002, 3.96156158e+002,
       2.61593109e+002, 3.98111542e+002, 2.40911652e+002,
       4.00377167e+002, 2.20358932e+002, 4.02653992e+002,
       1.99391434e+002, 4.04847443e+002, 1.78488922e+002,
       4.07226624e+002, 1.57396362e+002, 4.09369476e+002,
       1.36220367e+002, 3.34239655e+002, 2.18832275e+002,
       3.36047729e+002, 1.98562592e+002, 3.37808807e+002,
       1.77702362e+002, 3.39630768e+002, 1.56817245e+002,
       3.41630493e+002, 1.35634247e+002, 3.43294586e+002,
       1.14496979e+002, 3.45322601e+002, 9.32834778e+001,
       3.47645355e+002, 7.21766968e+001, 3.54480133e+002,
       2.20940506e+002, 3.56518951e+002, 2.00321915e+002,
       3.58354645e+002, 1.79368073e+002, 3.60372131e+002,
       1.58190384e+002, 3.62338348e+002, 1.37130951e+002,
       3.63997955e+002, 1.15485237e+002, 3.66203949e+002,
       9.41990738e+001, 3.68219025e+002, 7.24613113e+001,
       3.75312592e+002, 2.22586090e+002, 3.77212830e+002,
       2.01958389e+002, 3.79193573e+002, 1.80865067e+002,
       3.81155762e+002, 1.59735519e+002, 3.83218506e+002,
       1.38084763e+002, 3.84987274e+002, 1.16567581e+002,
       3.87113251e+002, 9.46956329e+001, 3.89246582e+002,
       7.31109009e+001, 3.96304535e+002, 2.24817276e+002,
       3.98285736e+002, 2.03698929e+002, 4.00241638e+002,
       1.82610809e+002, 4.02373779e+002, 1.60995773e+002,
       4.04433990e+002, 1.39595383e+002, 4.06277191e+002,
       1.17454178e+002, 4.08449738e+002, 9.55340042e+001,
       4.10652344e+002, 7.33756409e+001, 4.17584686e+002,
       2.26708054e+002, 4.19982880e+002, 2.05630783e+002,
       4.21993500e+002, 1.84093048e+002, 4.24044922e+002,
       1.62615356e+002, 4.26185516e+002, 1.40607513e+002,
       4.28404175e+002, 1.18725922e+002, 4.30575073e+002,
       9.64427948e+001, 4.32684021e+002, 7.40417480e+001,
       3.39150177e+002, 2.17413864e+002, 3.40679077e+002,
       1.96837112e+002, 3.42264404e+002, 1.75663559e+002,
       3.43928284e+002, 1.54641022e+002, 3.45610565e+002,
       1.33152313e+002, 3.47139435e+002, 1.11655479e+002,
       3.48902283e+002, 9.00939865e+001, 3.50956635e+002,
