%YAML:1.0
vcatemp: !!opencv-matrix
   rows: 3
   cols: 1
   dt: d
   data: [ -1.5442353410672465e+00, -4.1533241994237147e-01,
       -9.5237000472654820e-01 ]
